-9.999999999990000221e-01
-9.999999999990000221e-01
-9.999999999990000221e-01
-9.999999999990000221e-01
-9.999999999990000221e-01
-9.999999999990000221e-01
-9.999999999990000221e-01
-9.999999999990000221e-01
-9.999999999990000221e-01
-9.999999999990000221e-01
-9.999999999990000221e-01
-9.999999999990000221e-01
-9.999999999990000221e-01
-9.999999999990000221e-01
-9.999999999990000221e-01
-9.999999999990000221e-01
-9.999999999990000221e-01
-9.999999999990000221e-01
-9.999999999990000221e-01
-9.999999999990000221e-01
-9.999999999990000221e-01
-9.999999999990000221e-01
-9.999999999990000221e-01
-9.999999999990000221e-01
-9.999999999990000221e-01
-9.999999999990000221e-01
-9.999999999990000221e-01
-9.999999999990000221e-01
-9.999999999990000221e-01
-9.999999999990000221e-01
