1.249929687517798538e+00
1.249890630632664257e+00
1.249851576188295121e+00
1.249812524184462870e+00
1.249773474620938574e+00
1.249734427497493305e+00
1.249695382813898581e+00
1.249656340569925694e+00
1.249617300765346162e+00
1.249578263399931055e+00
1.249539228473451891e+00
1.249500195985680184e+00
1.249461165936387230e+00
1.249422138325344767e+00
1.249383113152324309e+00
1.249344090417097153e+00
1.249305070119435035e+00
1.249266052259109694e+00
1.249227036835892646e+00
1.249188023849555407e+00
1.249149013299870159e+00
1.249110005186607975e+00
1.249070999509541036e+00
1.249031996268441080e+00
1.248992995463079847e+00
1.248953997093229296e+00
1.248915001158661164e+00
1.248876007659147414e+00
1.248837016594459781e+00
1.248798027964370450e+00
