1.666596669606543219e+04
1.176435710376586394e+04
9.090700831217322047e+03
7.407269138383490827e+03
6.249901564050365778e+03
5.405331776021213045e+03
4.761847619733324791e+03
4.255273517918020843e+03
3.846116568408644525e+03
3.508740905168136578e+03
3.225780229141363179e+03
2.985052172144854467e+03
2.777758333469443642e+03
2.597385596333239391e+03
2.439009399259301972e+03
2.298837257310601217e+03
2.173901134280742554e+03
2.061844957011769566e+03
1.960774625192048006e+03
1.869150074283762251e+03
1.785706250036160554e+03
1.709394345856834889e+03
1.639337489950041572e+03
1.574796900018601491e+03
1.515145730049636768e+03
1.459848644060462675e+03
1.408445705234961679e+03
1.360539552980035978e+03
1.315785110817790382e+03
1.273881260916206884e+03
