1.666596669606543219e+04
5.714080007405447759e+03
8.146397010715461420e+02
1.990003844528227432e+02
3.022232645244440619e+01
3.727806963490920111e+01
5.267175105429211968e+00
4.620696323621134027e+00
4.115944414257613815e+00
3.718127187453095228e+00
0.000000000000000000e+00
0.000000000000000000e+00
0.000000000000000000e+00
0.000000000000000000e+00
0.000000000000000000e+00
0.000000000000000000e+00
0.000000000000000000e+00
0.000000000000000000e+00
0.000000000000000000e+00
0.000000000000000000e+00
0.000000000000000000e+00
0.000000000000000000e+00
0.000000000000000000e+00
0.000000000000000000e+00
0.000000000000000000e+00
0.000000000000000000e+00
0.000000000000000000e+00
0.000000000000000000e+00
0.000000000000000000e+00
0.000000000000000000e+00
