5.549282922555847097e-01
5.326963335405663358e-01
5.404009837216197099e-01
5.512125022006216790e-01
5.301400785084473544e-01
5.453718998880622282e-01
5.286929682734565761e-01
5.408469644982220048e-01
-9.999999999899999992e+00
-9.999999999899999992e+00
5.289965726197373153e-01
-9.999999999899999992e+00
5.493031976182745080e-01
5.335024268165443617e-01
5.408511657194955413e-01
-9.999999999899999992e+00
5.267266992013180937e-01
5.409454402318304433e-01
5.272293543566738405e-01
5.437693060793111766e-01
5.290857861558911912e-01
-9.999999999899999992e+00
-9.999999999899999992e+00
-9.999999999899999992e+00
-9.999999999899999992e+00
-9.999999999899999992e+00
-9.999999999899999992e+00
-9.999999999899999992e+00
5.470950924020564488e-01
-9.999999999899999992e+00
