-9.999999999899999992e+00
-9.999999999899999992e+00
-9.999999999899999992e+00
-9.999999999899999992e+00
-9.999999999899999992e+00
-9.999999999899999992e+00
-9.999999999899999992e+00
-9.999999999899999992e+00
-9.999999999899999992e+00
-9.999999999899999992e+00
-9.999999999899999992e+00
-9.999999999899999992e+00
-9.999999999899999992e+00
-9.999999999899999992e+00
-9.999999999899999992e+00
-9.999999999899999992e+00
-9.999999999899999992e+00
-9.999999999899999992e+00
-9.999999999899999992e+00
-9.999999999899999992e+00
-9.999999999899999992e+00
-9.999999999899999992e+00
-9.999999999899999992e+00
-9.999999999899999992e+00
-9.999999999899999992e+00
-9.999999999899999992e+00
-9.999999999899999992e+00
-9.999999999899999992e+00
-9.999999999899999992e+00
-9.999999999899999992e+00
