5.273487256967275272e-01
5.279349623744283848e-01
-9.999999999899999992e+00
-9.999999999899999992e+00
-9.999999999899999992e+00
-9.999999999899999992e+00
-9.999999999899999992e+00
5.265928771857226742e-01
-9.999999999899999992e+00
-9.999999999899999992e+00
-9.999999999899999992e+00
-9.999999999899999992e+00
-9.999999999899999992e+00
-9.999999999899999992e+00
5.265242787278034964e-01
-9.999999999899999992e+00
5.281010780219501655e-01
-9.999999999899999992e+00
-9.999999999899999992e+00
-9.999999999899999992e+00
-9.999999999899999992e+00
-9.999999999899999992e+00
-9.999999999899999992e+00
-9.999999999899999992e+00
-9.999999999899999992e+00
-9.999999999899999992e+00
-9.999999999899999992e+00
-9.999999999899999992e+00
-9.999999999899999992e+00
-9.999999999899999992e+00
