5.062999920612161077e+03
2.898423698068652811e+03
2.020140314097880491e+03
1.550351253781461764e+03
1.257837712570800022e+03
1.058184127255022076e+03
9.132293990607180376e+02
8.032030968427114885e+02
7.168381085360565521e+02
6.472428567559908288e+02
5.899652387761591399e+02
5.420009782900857545e+02
5.012493338897601802e+02
4.661971799993652326e+02
4.357269768227060922e+02
4.089954257624386287e+02
3.853542094197894130e+02
3.642967183364731341e+02
3.454213392847495925e+02
3.284055942553086425e+02
3.129875642028260359e+02
2.989523108642928833e+02
2.861217950896876232e+02
2.743472844633906220e+02
2.635035614825165453e+02
2.534844530583193318e+02
2.441993425411332908e+02
2.355704212426927597e+02
2.275305027847094266e+02
2.200212702482714633e+02
