-9.999999999000000628e+01
-9.999999999000000628e+01
-9.999999999000000628e+01
3.348283401892077071e-01
3.344944843786816224e-01
-9.999999999000000628e+01
3.348744032196119269e-01
-9.999999999000000628e+01
3.345552577913573078e-01
-9.999999999000000628e+01
-9.999999999000000628e+01
-9.999999999000000628e+01
-9.999999999000000628e+01
-9.999999999000000628e+01
-9.999999999000000628e+01
-9.999999999000000628e+01
-9.999999999000000628e+01
-9.999999999000000628e+01
-9.999999999000000628e+01
3.347065793446067916e-01
-9.999999999000000628e+01
-9.999999999000000628e+01
-9.999999999000000628e+01
-9.999999999000000628e+01
-9.999999999000000628e+01
3.351610940555264095e-01
-9.999999999000000628e+01
-9.999999999000000628e+01
-9.999999999000000628e+01
-9.999999999000000628e+01
