4.755948728780086299e+02
2.777660143870684806e+02
1.955931892151339468e+02
1.509399226716059559e+02
1.228855625028744498e+02
1.036253058327329200e+02
8.958444272840866063e+01
7.889451453588274887e+01
7.048382407303483888e+01
6.369364899785183098e+01
5.809679840593260991e+01
5.340410456663379080e+01
4.941284578221282686e+01
4.597668921351552029e+01
4.298735931852544923e+01
4.036302103950806242e+01
3.804067333595599365e+01
3.597102575026669768e+01
3.411496115421824982e+01
3.244103987150239021e+01
3.092370422487990211e+01
2.954196443226300417e+01
2.827842173691967531e+01
2.711853194599646244e+01
2.605004307158406363e+01
2.506256087623981799e+01
2.414720962309498020e+01
2.329636454831126358e+01
2.250343896766683471e+01
2.176271342887291738e+01
