9.648288274937839333e+02
8.076759304164021387e+02
6.945475606409648890e+02
6.092162439296771481e+02
5.425581697895676143e+02
4.890486815245100729e+02
4.451461377979062490e+02
4.084766514274253382e+02
3.773889365965113143e+02
3.506983642572937470e+02
3.275337646918295604e+02
3.072398417222002536e+02
2.893139064410966625e+02
2.733644348014824459e+02
2.590817070150628751e+02
2.462172852419594733e+02
2.345699674281983960e+02
2.239748899421547037e+02
2.142955132388867696e+02
2.054180935436254458e+02
1.972469762191412030e+02
1.897010079484386438e+02
1.827111295440411709e+02
1.762180922759379200e+02
1.701706714684392239e+02
1.645245476509315665e+02
1.592410898332158240e+02
1.542863856704154273e+02
1.496307037247077005e+02
1.452477926689316803e+02
1.411143150051703969e+02
1.372095894328181771e+02
1.335151594400449540e+02
8.948309099848795256e+01
8.719437591831901102e+01
8.501983090956758815e+01
8.295109691153201936e+01
8.098064586590761849e+01
7.910164727471854462e+01
7.730785789288765386e+01
7.559362010779675245e+01
7.395376630616947011e+01
7.238353947536724320e+01
7.087860613309673852e+01
6.943498508497636124e+01
6.804898805575764698e+01
6.671724014495765687e+01
6.543662493760879784e+01
6.420423860567203178e+01
6.301741395748010177e+01
6.187367689948055016e+01
6.077070990573121634e+01
5.970637743507950290e+01
5.867869052183579015e+01
5.768577696236083341e+01
5.672590683946761914e+01
5.579746310093678119e+01
5.489891669794167228e+01
5.402885151357731530e+01
5.318593946549968621e+01
5.236891938806085989e+01
5.157662098826398278e+01
5.080794344557246944e+01
5.006183718979550434e+01
4.933732670043767143e+01
4.863349186580726524e+01
4.794945204746424849e+01
4.728438765275792122e+01
4.663752371135652908e+01
4.600811577908216066e+01
4.540062273663387060e+01
2.612011338003586403e+01
2.578116454387884104e+01
2.545089978890072757e+01
2.512899149837015145e+01
2.464388919836954628e+01
2.433997390546398520e+01
2.404346498352461126e+01
2.375409153469050949e+01
2.347160071895534372e+01
2.319575150029935173e+01
2.292630919113082655e+01
2.266305469908289183e+01
2.240577880669575350e+01
2.215427716275890901e+01
2.190835898524719383e+01
2.166784180328807352e+01
2.143254683671386474e+01
2.120230719411448561e+01
2.097696301866136892e+01
2.075635720773215454e+01
2.054034314302428399e+01
2.032878019180832041e+01
2.012152972670059015e+01
1.991846242240701770e+01
1.971945407186754551e+01
1.952438187272442249e+01
1.933313132277168478e+01
1.914559231674698125e+01
1.896165567120361217e+01
1.878121964826194912e+01
1.860418630388142347e+01
1.843045822700392833e+01
1.825994471881751480e+01
1.809255836747621160e+01
1.792821198076934053e+01
1.776682444585785703e+01
1.760754241081552252e+01
1.745185143181138443e+01
1.729888965002817258e+01
1.714858681692538411e+01
1.700087244755910021e+01
1.685568110749709447e+01
3.624251861091385081e+02
3.593860011929595544e+02
3.563973638480214277e+02
3.534580394091151447e+02
3.505667855288009491e+02
3.477224483714948065e+02
1.447515407214309135e+01
1.435944776952535840e+01
1.424557658143851668e+01
1.413349785847982609e+01
1.402316829844164836e+01
1.395638145668176300e+01
1.384910956636933577e+01
1.374347350261868961e+01
1.363943674845899423e+01
1.353696386492668324e+01
1.343601865462833267e+01
1.333656779902010570e+01
1.323857894063075769e+01
1.314201892948737438e+01
1.304685730450564662e+01
1.295306446353547436e+01
1.286060998696478741e+01
1.276946597283576956e+01
1.271621971418706210e+01
1.262736947307238466e+01
1.253975223831854180e+01
1.245334303351121363e+01
1.236811603347707944e+01
1.228404764123656001e+01
1.220111488292418045e+01
1.211929392975580200e+01
1.196641330874338571e+01
1.188722918420266339e+01
1.180908566038357854e+01
1.173196281703761201e+01
1.165584123845521169e+01
1.158070065862175468e+01
1.150652267639551596e+01
1.143328934732737778e+01
1.136098188093535377e+01
1.128958325404360252e+01
1.121907685761592255e+01
1.114944524313450280e+01
1.108067263966223237e+01
1.519882207937297203e+01
1.510621788528834486e+01
1.501473530515030141e+01
1.492435462063351537e+01
1.471282552635743102e+01
1.462531891425448549e+01
1.453884757711858455e+01
1.445339223571909493e+01
1.436893559038383650e+01
1.428546073103099090e+01
1.420294965691844524e+01
1.412138625710205453e+01
1.404075477681318596e+01
1.396103838795193397e+01
1.388318571611086938e+01
1.380524398167553457e+01
1.372817205050482237e+01
1.365195589641126972e+01
1.357658179229811957e+01
1.350203497433018640e+01
1.342830233509554105e+01
1.335537104177366174e+01
1.328322724377296105e+01
1.321185867913807321e+01
1.314125333834289044e+01
1.307139821328268425e+01
1.305497361189874361e+01
1.298631182230702130e+01
1.291836809461674740e+01
1.285113162306877044e+01
1.278459181684386436e+01
1.271873712130130940e+01
1.265355739716143368e+01
1.258904270346460130e+01
2.002492889099841022e+01
1.992385533126599384e+01
1.982379755516720721e+01
1.972473915182769133e+01
1.962666580516176040e+01
1.952956346961968492e+01
1.943341665531794504e+01
1.933821189238008742e+01
1.924393596136004803e+01
1.915057422831075229e+01
1.905811400868359939e+01
1.896654284998971818e+01
1.887584691464035558e+01
1.878601424769459882e+01
1.869703310946458075e+01
1.860889040408602924e+01
1.852157485516426760e+01
1.843507538616295349e+01
1.834937959277903374e+01
1.826447683031393154e+01
1.818035663980927197e+01
1.809700726240811619e+01
1.801441864207018639e+01
1.793258089553297552e+01
1.785148286694139586e+01
1.777111504933154507e+01
1.769146809660264452e+01
1.761253141679036460e+01
1.753429601556233308e+01
8.560628499634688637e+00
8.522931571489017699e+00
1.730295719583238423e+01
1.722670052199341839e+01
1.715184803662863189e+01
1.707764322688994696e+01
1.700407815880178930e+01
1.693114372933639444e+01
1.685883229331329147e+01
1.678713632739000516e+01
1.671604716353118647e+01
1.664555754931728870e+01
1.657566034622902507e+01
1.650634729482398200e+01
1.643761151094938100e+01
1.636944621701174540e+01
1.630184353768007099e+01
1.623479693437491278e+01
1.616829996828077043e+01
1.610234512545317642e+01
1.603692619184107571e+01
1.597203704686137726e+01
1.590767051684199451e+01
1.584382069272610671e+01
1.578048175308638967e+01
1.571764684488749531e+01
1.565531034591872306e+01
1.559346671618004088e+01
1.553210940499574733e+01
1.547123306012608523e+01
1.541083240650840658e+01
1.535090117879921223e+01
1.529143427902474706e+01
7.494747975349839386e+00
7.465930953371879397e+00
7.437334683381589429e+00
7.408956807420599588e+00
7.380794497626901318e+00
4.982541980247402691e+00
4.963745681120828479e+00
4.945090553258155275e+00
4.926575122649629712e+00
4.908197935546217749e+00
4.889957231864223708e+00
7.189368756685090567e+00
7.162848238380160382e+00
7.136522504642124787e+00
7.110389573148482967e+00
7.084447488066033749e+00
7.058693859528087700e+00
7.033126793802597199e+00
7.007744422131884754e+00
6.982544450113712386e+00
6.957525067824207987e+00
6.932684488898084751e+00
6.908020509496781258e+00
6.883531399026510122e+00
6.859215449128056363e+00
6.835070541928593535e+00
6.811095021968256447e+00
6.787287254782737200e+00
6.763645204148107659e+00
6.740167285803758901e+00
6.716851935324422485e+00
6.693697194079361701e+00
6.670701545315307790e+00
6.647863491027207417e+00
6.625181146364593765e+00
6.602653058615122639e+00
6.580277792795415692e+00
6.558053534248229788e+00
6.535978891045394867e+00
6.514052488031505384e+00
6.492272577365826081e+00
6.470637824842673247e+00
6.449146912131539011e+00
6.427798155027471871e+00
6.406590274167196952e+00
6.385522005219570474e+00
