4.790069320254578997e+02
4.466474166989838182e+02
4.183833528343208741e+02
3.934835256278141742e+02
3.713810136492698462e+02
3.516294999794050682e+02
3.338728206176189133e+02
3.178232958793199145e+02
3.032460249009988047e+02
2.899473126879905749e+02
2.777660143870684806e+02
2.665669734619729638e+02
2.562359857172626789e+02
2.466758906675815695e+02
2.378035064155557450e+02
2.295472030378019781e+02
2.218449645073125396e+02
2.146428281308126031e+02
2.078936184072635456e+02
2.015559124788276222e+02
1.955931892151339468e+02
1.899731249959369563e+02
1.846670075102557576e+02
1.796492451248305997e+02
1.748969541251200894e+02
1.703896097806334922e+02
1.661087500099623639e+02
1.620377226216421604e+02
1.581614688339203667e+02
1.544663371403343604e+02
1.509399226716059559e+02
1.475709280702905630e+02
1.443490425903957544e+02
1.412648366961677198e+02
1.383096698904188884e+02
1.354756098748204636e+02
1.327553614493984071e+02
1.301422038092867695e+02
1.276299351040324268e+02
1.252128232966611563e+02
1.228855625028744498e+02
1.206432341103939052e+02
1.184812720788221441e+02
4.157065853792901322e+01
4.084895834584332874e+01
4.015188913594435149e+01
3.947821111466081589e+01
3.882676632161940944e+01
3.819647198744845440e+01
3.758631452820357310e+01
3.699534410634794313e+01
3.642266969689680423e+01
3.586745460482235615e+01
3.532891238628982933e+01
3.480630313190874858e+01
3.429893007505936708e+01
3.380613649260062914e+01
1.407835756807896921e+01
1.388194540201332572e+01
1.369093826029442518e+01
1.984493545284716376e+01
1.957878573157176660e+01
1.931968045106341236e+01
1.906734358624464676e+01
1.882151334691255684e+01
1.858194127178650135e+01
1.834839139087545590e+01
1.812063945022872957e+01
1.789847219371612042e+01
1.768168669700237672e+01
1.747008974934363934e+01
1.726349727924727873e+01
1.706173382040661579e+01
1.686463201465362260e+01
1.667203214897035224e+01
1.648378172386706098e+01
2.626020877433196077e+01
2.597036422012642731e+01
2.568684807999698094e+01
2.540945533196126860e+01
2.513798971556575879e+01
2.487226326880774963e+01
2.461209589412057497e+01
2.435731495131591373e+01
2.410775487554993646e+01
2.386325681853666580e+01
2.362366831137480361e+01
2.338884294748406845e+01
2.315864008426558485e+01
2.293292456220886422e+01
2.271156644026656934e+01
2.249444074640837243e+01
2.228142724234780303e+01
2.207728319001835615e+01
2.463334466115751908e+01
2.440638752532598232e+01
2.418357430873770397e+01
2.396479254489583255e+01
2.374993380062202064e+01
2.353889349685744747e+01
1.181882903359116987e+01
1.171567221602475151e+01
1.161430055894137325e+01
1.151466812073035939e+01
1.141673052279993783e+01
1.132044488366683765e+01
1.122576975635320728e+01
1.113266506889885754e+01
1.104109206780943708e+01
1.095101326427289123e+01
1.086239238298735721e+01
1.077519431345378287e+01
1.068938506359585894e+01
6.087027156872594880e+00
6.039329032989154911e+00
5.992372624803771863e+00
5.945787220167140674e+00
5.900268659930229198e+00
5.855441748359562659e+00
5.811290840051349882e+00
5.767800757945175327e+00
5.725120656270892283e+00
5.682906074735333490e+00
5.641309480821697697e+00
5.600317402872284411e+00
4.743039133577672928e+00
4.709061613951825542e+00
4.675567438607036941e+00
4.642546366724546125e+00
4.609988444758782222e+00
4.577883996434362501e+00
4.546223613158168142e+00
4.514998144826543047e+00
4.484198691008753457e+00
4.453816592488857751e+00
4.292783641078507628e+00
4.264090836688120056e+00
4.235779048848058004e+00
4.336108537526868645e+00
4.307693675709783676e+00
4.279648799019691197e+00
4.251966727927333878e+00
4.224461999136012835e+00
4.197487004977104696e+00
4.170854318753617562e+00
4.144557465805384311e+00
4.118590133737714432e+00
4.092946167369755806e+00
4.067619563870398025e+00
4.042604468073663249e+00
4.017895167965893855e+00
3.445284832101830261e+02
3.424636845687000459e+02
3.404234876356351265e+02
3.384074553274070922e+02
3.364151608533431386e+02
3.344461874144662374e+02
3.325001279127992007e+02
3.305765846707591322e+02
1.387387411215453703e+01
1.379397468713280439e+01
1.371499027167487128e+01
1.363690523721260028e+01
1.355970430908218738e+01
1.348337255656297806e+01
1.344824055524370543e+01
1.337337865326358610e+01
1.329934560019381351e+01
1.322612770666054161e+01
1.315371158309993938e+01
1.308208413159523964e+01
1.301123253797904233e+01
1.294114426419087849e+01
1.287180704088045857e+01
1.280320886024744098e+01
1.273533796910893479e+01
1.266818286218634526e+01
1.260173227560350639e+01
1.253597518058836258e+01
1.247090077737083114e+01
1.240649848926973497e+01
1.234275795696201783e+01
5.022197468967118716e+00
4.996664086150159001e+00
4.971389018864363685e+00
4.946368366857918808e+00
4.921598308004583977e+00
4.897075096357283108e+00
4.872795060259596411e+00
4.842327124620453560e+00
4.818556603017512430e+00
4.795018315840740009e+00
4.771708876291194557e+00
4.748624963106686359e+00
4.944718503528074294e+00
4.921024167600748456e+00
4.897555828011962653e+00
4.874310266782029721e+00
4.851284326737408392e+00
4.828474910081236082e+00
4.805878977003995800e+00
4.783493544333011549e+00
4.761315684219513678e+00
4.739342522862055596e+00
4.717571239265121008e+00
4.695999064031785686e+00
4.674623278189358189e+00
4.653441212046942610e+00
4.632450244083928581e+00
4.611647799868422659e+00
5.972083326643554457e+00
6.382916126824833114e+00
6.354624803421302204e+00
6.326583167455321011e+00
6.298787927993093838e+00
6.271235851681466578e+00
1.427138022558674813e+01
1.420952939854041475e+01
1.414821236946221106e+01
1.408742225770093803e+01
1.402715230035484417e+01
1.396739584976353044e+01
1.390814637106369567e+01
1.384939743980681470e+01
1.379114273963696213e+01
1.373337606002697342e+01
1.367609129407128776e+01
1.361928243633377988e+01
1.356294358074902462e+01
1.350889357414062175e+01
1.345346244944846603e+01
1.339848436752148508e+01
1.334395379683539851e+01
1.328986529555204399e+01
1.323621350970904764e+01
1.318299317145315896e+01
1.313019909731603896e+01
1.307782618653131834e+01
1.302586941939176413e+01
1.297432385564546031e+01
1.292318463292991026e+01
1.287244696524303222e+01
1.282210614145003014e+01
1.277215752382515923e+01
1.272259654662745199e+01
1.272401322235785237e+01
1.267502527613614305e+01
1.262641309420715352e+01
1.257817236961333052e+01
1.253029886096759071e+01
1.248278839121021555e+01
1.243563684639393685e+01
1.238884017449642805e+01
1.234239438425952962e+01
1.229629554405447678e+01
1.002188537034820293e+01
9.984735912854164397e+00
9.947860851903277180e+00
9.911257158524666266e+00
9.874921848165069349e+00
9.838851979877624387e+00
9.803044655528363904e+00
9.767497019019979021e+00
9.732206255532414474e+00
9.697169590779855852e+00
9.662384290283721811e+00
9.627847658661234931e+00
9.593557038929210634e+00
9.559509811822653802e+00
9.525703395127827378e+00
9.492135243029419911e+00
9.458802845471456777e+00
9.425703727531645981e+00
9.392835448808805054e+00
9.360195602823058181e+00
9.327781816428506900e+00
9.295591749238043988e+00
9.263623093060051161e+00
9.231873571346676854e+00
9.200340938653424061e+00
9.169022980109756915e+00
9.137917510900512852e+00
9.107022375757811261e+00
9.076335448463243694e+00
9.045854631360093379e+00
9.015577854875349573e+00
8.985503077051294696e+00
8.955628283086422670e+00
8.925951484885505494e+00
8.896470720618546935e+00
8.867184054288479444e+00
8.838089575307348511e+00
6.870586589987472514e+00
6.848178549471613863e+00
8.389234254740772556e+00
8.362050664015976409e+00
8.335042669992358100e+00
6.759760736878911658e+00
6.737841629429285106e+00
6.716289746898787882e+00
