9.648288274937839333e+02
3.275337646918295604e+02
1.972469762191412030e+02
1.411143150051703969e+02
1.098524420550989475e+02
8.992978651880034136e+01
7.612404801460780845e+01
6.599300852658713268e+01
5.824184342013423077e+01
5.212010711738800239e+01
4.716286960707365949e+01
4.306671865778560715e+01
3.962521948008360084e+01
3.669304605910388517e+01
3.416492327020655750e+01
3.196271533709263579e+01
3.002721635992858396e+01
2.831274215688408091e+01
2.678347599277781299e+01
2.541094559425137334e+01
2.417223030652930049e+01
2.304866898466022818e+01
2.202491794496618738e+01
2.108824353554587816e+01
2.022798833073333924e+01
1.943516726164978081e+01
1.870215070755189402e+01
1.802241702146270796e+01
1.739036062799907612e+01
1.680113561684784074e+01
