3.294699945350153030e+02
2.085428424242608401e+02
1.525511643791029712e+02
1.202620110913900646e+02
9.925383192445033842e+01
8.449387244353481208e+01
7.355549281173944109e+01
6.512461240305432852e+01
5.842767244504506152e+01
5.297963350147543338e+01
4.846093460548895138e+01
4.465246986277995944e+01
4.139899155103547201e+01
3.858742584214478910e+01
3.613346258051279847e+01
3.397295603761966021e+01
3.205623663033744464e+01
3.034424536510222836e+01
2.880584414440860996e+01
2.741590477172769624e+01
2.615392574547298210e+01
2.500301426338753785e+01
2.394912568083867654e+01
2.298048753277113931e+01
2.208715789700303134e+01
2.126068291061987381e+01
2.049382840489932889e+01
1.978036759651579501e+01
1.911491163401143112e+01
1.849277323577678445e+01
