6.664436301984269812e+04
1.538342731069077490e+04
8.695272606361009821e+03
6.060421676867770657e+03
4.651054193990446947e+03
3.773513422500449451e+03
3.174552583320735721e+03
2.739688347299990710e+03
2.409609406652478356e+03
2.150514418102411128e+03
1.941728645674172185e+03
1.769895778979096576e+03
1.626002987747969883e+03
1.503748046894442950e+03
1.398591579119262633e+03
1.307180964642558820e+03
1.226986307397223072e+03
1.156062654988984832e+03
1.092890178897597707e+03
1.036264039331111462e+03
9.852168021789685781e+02
9.389627102414972342e+02
8.968569486799261767e+02
8.583654000048858279e+02
8.230418669381300560e+02
7.905106969456927573e+02
7.604533707407443899e+02
7.325980383573973995e+02
7.067112737168946524e+02
6.825915176727517064e+02
