1.110892007633974998e+00
1.110784036037038902e+00
1.110676085426360205e+00
1.110568155795820688e+00
1.110460247139305245e+00
1.110352359450700099e+00
1.110244492723894583e+00
1.110136646952780026e+00
1.110028822131250648e+00
1.109921018253202440e+00
1.109813235312534285e+00
1.109705473303146839e+00
1.109597732218943644e+00
1.109490012053830243e+00
1.109382312801715065e+00
1.109274634456508313e+00
1.109166977012122857e+00
1.109059340462474008e+00
1.108951724801479077e+00
1.108844130023058261e+00
1.108736556121133532e+00
1.108629003089629528e+00
1.108521470922473551e+00
1.108413959613594457e+00
1.108306469156924434e+00
1.108198999546397223e+00
1.108091550775949452e+00
1.107984122839519525e+00
1.107876715731048956e+00
1.107769329444480810e+00
