1.109853215315307118e+00
1.109188455673390417e+00
1.108499915899884947e+00
1.107836775934489815e+00
1.107149912756188348e+00
1.106488386555042558e+00
1.105803193855625199e+00
1.105143275535197533e+00
1.104459747228058619e+00
1.103801430933383232e+00
1.103119560961450585e+00
1.102462840865954696e+00
1.101782623201511324e+00
1.101127493506842692e+00
1.100448922151349596e+00
1.099795377087205983e+00
1.099118446071124300e+00
1.098466479895084724e+00
1.097791183277702087e+00
1.097140790275057842e+00
1.096467122144313855e+00
1.095818296627901534e+00
1.095146251100215684e+00
1.094498987410252200e+00
1.093828558630352221e+00
1.093182851134269384e+00
1.092514033275021612e+00
1.091869876367303149e+00
1.091202663629542879e+00
1.090560051731562341e+00
