1.009914349304817494e+00
1.004383652478653133e+00
1.009053245842218116e+00
1.003496701738119112e+00
1.008236814572023299e+00
1.002872755323003906e+00
1.007728805052631627e+00
1.002259623145367984e+00
1.007175651898321256e+00
1.001878053011481917e+00
1.007178196858769192e+00
1.001802781753514004e+00
1.007566361262848043e+00
1.002103961238943075e+00
1.007332926780748261e+00
1.002043714650858730e+00
1.008188558059460727e+00
1.002314896549743040e+00
1.001000551542735373e+00
1.002993489454577780e+00
1.000750116212577590e+00
1.003310480862753762e+00
1.004028221728314740e+00
-9.999999999990000221e-01
1.001762655447372641e+00
1.000464771131855501e+00
1.000552362676090601e+00
1.002184328712570238e+00
-9.999999999990000221e-01
1.000815243240153807e+00
