1.000580495859944019e+00
1.000060381965761636e+00
-9.999999999990000221e-01
1.000000792860628707e+00
1.000303576510729098e+00
-9.999999999990000221e-01
1.000006383840753132e+00
-9.999999999990000221e-01
1.000056613804941374e+00
1.000051710293816232e+00
-9.999999999990000221e-01
-9.999999999990000221e-01
-9.999999999990000221e-01
-9.999999999990000221e-01
-9.999999999990000221e-01
1.000417334055057728e+00
1.000107428539651400e+00
-9.999999999990000221e-01
-9.999999999990000221e-01
-9.999999999990000221e-01
-9.999999999990000221e-01
-9.999999999990000221e-01
1.000012611199040391e+00
-9.999999999990000221e-01
-9.999999999990000221e-01
-9.999999999990000221e-01
-9.999999999990000221e-01
1.000232921059586388e+00
-9.999999999990000221e-01
-9.999999999990000221e-01
